101 500
@nodes
label
0
1
2
3
4
5
6
7
8
9
10
11
12
13
14
15
16
17
18
19
20
21
22
23
24
25
26
27
28
29
30
31
32
33
34
35
36
37
38
39
40
41
42
43
44
45
46
47
48
49
50
51
52
53
54
55
56
57
58
59
60
61
62
63
64
65
66
67
68
69
70
71
72
73
74
75
76
77
78
79
80
81
82
83
84
85
86
87
88
89
90
91
92
93
94
95
96
97
98
99
100
@edges
   cap1
0 1 1
0 2 1
0 3 1
0 4 1
0 5 1
0 6 1
0 7 1
0 8 1
0 9 1
0 10 1
0 11 1
0 12 1
0 13 1
0 14 1
0 15 1
0 16 1
0 17 1
0 18 1
0 19 1
0 20 1
0 21 1
0 22 1
0 23 1
0 24 1
0 25 1
0 26 1
0 27 1
0 28 1
0 29 1
0 30 1
0 31 1
0 32 1
0 33 1
0 34 1
0 35 1
0 36 1
0 37 1
0 38 1
0 39 1
0 40 1
0 41 1
0 42 1
0 43 1
0 44 1
0 45 1
0 46 1
0 47 1
0 48 1
0 49 1
0 50 1
0 51 1
0 52 1
0 53 1
0 54 1
0 55 1
0 56 1
0 57 1
0 58 1
0 59 1
0 60 1
0 61 1
0 62 1
0 63 1
0 64 1
0 65 1
0 66 1
0 67 1
0 68 1
0 69 1
0 70 1
0 71 1
0 72 1
0 73 1
0 74 1
0 75 1
0 76 1
0 77 1
0 78 1
0 79 1
0 80 1
0 81 1
0 82 1
0 83 1
0 84 1
0 85 1
0 86 1
0 87 1
0 88 1
0 89 1
0 90 1
0 91 1
0 92 1
0 93 1
0 94 1
0 95 1
0 96 1
0 97 1
0 98 1
0 99 1
0 100 1
1 2 1
2 1 1
1 100 1
100 1 1
1 3 1
3 1 1
1 99 1
99 1 1
2 3 1
3 2 1
2 100 1
100 2 1
2 8 1
8 2 1
2 80 1
80 2 1
3 4 1
4 3 1
3 66 1
66 3 1
4 6 1
6 4 1
4 33 1
33 4 1
5 6 1
6 5 1
5 7 1
7 5 1
6 7 1
7 6 1
6 8 1
8 6 1
7 9 1
9 7 1
7 90 1
90 7 1
7 71 1
71 7 1
8 77 1
77 8 1
8 48 1
48 8 1
9 10 1
10 9 1
9 61 1
61 9 1
10 11 1
11 10 1
10 12 1
12 10 1
10 67 1
67 10 1
10 97 1
97 10 1
11 12 1
12 11 1
11 13 1
13 11 1
11 71 1
71 11 1
12 13 1
13 12 1
12 14 1
14 12 1
13 14 1
14 13 1
13 15 1
15 13 1
13 43 1
43 13 1
13 58 1
58 13 1
14 15 1
15 14 1
14 16 1
16 14 1
15 16 1
16 15 1
15 17 1
17 15 1
16 91 1
91 16 1
16 48 1
48 16 1
16 85 1
85 16 1
17 18 1
18 17 1
17 19 1
19 17 1
17 87 1
87 17 1
18 19 1
19 18 1
18 20 1
20 18 1
19 21 1
21 19 1
19 53 1
53 19 1
20 21 1
21 20 1
20 22 1
22 20 1
21 22 1
22 21 1
21 23 1
23 21 1
22 23 1
23 22 1
22 24 1
24 22 1
22 47 1
47 22 1
23 24 1
24 23 1
23 25 1
25 23 1
23 32 1
32 23 1
23 37 1
37 23 1
24 25 1
25 24 1
24 26 1
26 24 1
24 45 1
45 24 1
24 60 1
60 24 1
25 96 1
96 25 1
25 78 1
78 25 1
25 76 1
76 25 1
26 27 1
27 26 1
26 28 1
28 26 1
26 41 1
41 26 1
27 28 1
28 27 1
27 61 1
61 27 1
27 72 1
72 27 1
28 29 1
29 28 1
28 30 1
30 28 1
29 30 1
30 29 1
29 31 1
31 29 1
30 31 1
31 30 1
30 32 1
32 30 1
31 32 1
32 31 1
31 44 1
44 31 1
32 33 1
33 32 1
32 48 1
48 32 1
32 59 1
59 32 1
33 34 1
34 33 1
33 35 1
35 33 1
33 76 1
76 33 1
34 35 1
35 34 1
34 36 1
36 34 1
35 37 1
37 35 1
35 51 1
51 35 1
36 37 1
37 36 1
36 38 1
38 36 1
37 38 1
38 37 1
38 39 1
39 38 1
38 40 1
40 38 1
39 40 1
40 39 1
39 75 1
75 39 1
40 41 1
41 40 1
40 42 1
42 40 1
41 43 1
43 41 1
42 43 1
43 42 1
42 44 1
44 42 1
43 45 1
45 43 1
44 45 1
45 44 1
44 90 1
90 44 1
45 47 1
47 45 1
46 48 1
48 46 1
46 63 1
63 46 1
47 49 1
49 47 1
48 84 1
84 48 1
48 92 1
92 48 1
49 50 1
50 49 1
49 51 1
51 49 1
49 99 1
99 49 1
49 65 1
65 49 1
50 51 1
51 50 1
50 52 1
52 50 1
51 52 1
52 51 1
51 53 1
53 51 1
52 54 1
54 52 1
52 62 1
62 52 1
53 54 1
54 53 1
53 55 1
55 53 1
54 59 1
59 54 1
54 66 1
66 54 1
55 57 1
57 55 1
55 82 1
82 55 1
56 57 1
57 56 1
56 58 1
58 56 1
57 58 1
58 57 1
57 59 1
59 57 1
58 60 1
60 58 1
59 60 1
60 59 1
60 61 1
61 60 1
61 63 1
63 61 1
61 89 1
89 61 1
62 63 1
63 62 1
62 83 1
83 62 1
62 74 1
74 62 1
63 64 1
64 63 1
63 65 1
65 63 1
64 65 1
65 64 1
64 66 1
66 64 1
65 66 1
66 65 1
66 67 1
67 66 1
66 68 1
68 66 1
66 82 1
82 66 1
67 100 1
100 67 1
67 95 1
95 67 1
68 69 1
69 68 1
68 70 1
70 68 1
69 70 1
70 69 1
69 71 1
71 69 1
70 71 1
71 70 1
70 72 1
72 70 1
72 73 1
73 72 1
73 74 1
74 73 1
73 75 1
75 73 1
74 75 1
75 74 1
75 76 1
76 75 1
75 77 1
77 75 1
76 78 1
78 76 1
77 78 1
78 77 1
77 79 1
79 77 1
78 80 1
80 78 1
79 80 1
80 79 1
79 85 1
85 79 1
80 81 1
81 80 1
80 85 1
85 80 1
81 83 1
83 81 1
81 87 1
87 81 1
82 83 1
83 82 1
82 93 1
93 82 1
83 84 1
84 83 1
83 85 1
85 83 1
84 86 1
86 84 1
85 86 1
86 85 1
86 87 1
87 86 1
86 88 1
88 86 1
87 89 1
89 87 1
88 89 1
89 88 1
88 90 1
90 88 1
89 90 1
90 89 1
89 91 1
91 89 1
90 91 1
91 90 1
90 92 1
92 90 1
91 92 1
92 91 1
91 93 1
93 91 1
92 94 1
94 92 1
93 94 1
94 93 1
94 95 1
95 94 1
94 96 1
96 94 1
95 96 1
96 95 1
96 97 1
97 96 1
96 98 1
98 96 1
97 98 1
98 97 1
98 99 1
99 98 1
98 100 1
100 98 1
