21 100
@nodes
label
0
1
2
3
4
5
6
7
8
9
10
11
12
13
14
15
16
17
18
19
20
@edges
   cap1
0 1 1
0 2 1
0 3 1
0 4 1
0 5 1
0 6 1
0 7 1
0 8 1
0 9 1
0 10 1
0 11 1
0 12 1
0 13 1
0 14 1
0 15 1
0 16 1
0 17 1
0 18 1
0 19 1
0 20 1
1 20 1
20 1 1
1 10 1
10 1 1
1 15 1
15 1 1
2 3 1
3 2 1
2 4 1
4 2 1
2 15 1
15 2 1
3 4 1
4 3 1
3 5 1
5 3 1
3 19 1
19 3 1
4 5 1
5 4 1
4 17 1
17 4 1
4 20 1
20 4 1
5 6 1
6 5 1
5 7 1
7 5 1
6 7 1
7 6 1
6 8 1
8 6 1
7 9 1
9 7 1
7 11 1
11 7 1
7 14 1
14 7 1
7 15 1
15 7 1
8 9 1
9 8 1
8 10 1
10 8 1
9 10 1
10 9 1
9 11 1
11 9 1
10 11 1
11 10 1
10 12 1
12 10 1
10 17 1
17 10 1
11 12 1
12 11 1
11 13 1
13 11 1
12 13 1
13 12 1
12 14 1
14 12 1
13 14 1
14 13 1
13 15 1
15 13 1
14 15 1
15 14 1
16 17 1
17 16 1
16 18 1
18 16 1
17 19 1
19 17 1
18 19 1
19 18 1
18 20 1
20 18 1
19 20 1
20 19 1
