31 150
@nodes
label
0
1
2
3
4
5
6
7
8
9
10
11
12
13
14
15
16
17
18
19
20
21
22
23
24
25
26
27
28
29
30
@edges
   cap1
0 1 1
0 2 1
0 3 1
0 4 1
0 5 1
0 6 1
0 7 1
0 8 1
0 9 1
0 10 1
0 11 1
0 12 1
0 13 1
0 14 1
0 15 1
0 16 1
0 17 1
0 18 1
0 19 1
0 20 1
0 21 1
0 22 1
0 23 1
0 24 1
0 25 1
0 26 1
0 27 1
0 28 1
0 29 1
0 30 1
1 2 1
2 1 1
1 3 1
3 1 1
1 29 1
29 1 1
1 21 1
21 1 1
2 3 1
3 2 1
2 4 1
4 2 1
2 30 1
30 2 1
3 4 1
4 3 1
3 5 1
5 3 1
3 14 1
14 3 1
4 5 1
5 4 1
4 6 1
6 4 1
4 9 1
9 4 1
5 6 1
6 5 1
5 24 1
24 5 1
5 23 1
23 5 1
6 7 1
7 6 1
6 8 1
8 6 1
6 30 1
30 6 1
7 9 1
9 7 1
7 25 1
25 7 1
8 9 1
9 8 1
8 10 1
10 8 1
9 13 1
13 9 1
10 12 1
12 10 1
10 18 1
18 10 1
10 17 1
17 10 1
10 19 1
19 10 1
11 12 1
12 11 1
11 13 1
13 11 1
11 29 1
29 11 1
12 13 1
13 12 1
12 14 1
14 12 1
13 14 1
14 13 1
13 15 1
15 13 1
14 15 1
15 14 1
15 17 1
17 15 1
15 20 1
20 15 1
16 17 1
17 16 1
16 18 1
18 16 1
17 19 1
19 17 1
18 19 1
19 18 1
18 20 1
20 18 1
19 21 1
21 19 1
20 21 1
21 20 1
20 22 1
22 20 1
21 22 1
22 21 1
22 23 1
23 22 1
22 24 1
24 22 1
23 24 1
24 23 1
24 25 1
25 24 1
24 26 1
26 24 1
25 26 1
26 25 1
25 27 1
27 25 1
26 27 1
27 26 1
26 28 1
28 26 1
27 28 1
28 27 1
27 29 1
29 27 1
28 29 1
29 28 1
28 30 1
30 28 1
