41 200
@nodes
label
0
1
2
3
4
5
6
7
8
9
10
11
12
13
14
15
16
17
18
19
20
21
22
23
24
25
26
27
28
29
30
31
32
33
34
35
36
37
38
39
40
@edges
   cap1
0 1 1
0 2 1
0 3 1
0 4 1
0 5 1
0 6 1
0 7 1
0 8 1
0 9 1
0 10 1
0 11 1
0 12 1
0 13 1
0 14 1
0 15 1
0 16 1
0 17 1
0 18 1
0 19 1
0 20 1
0 21 1
0 22 1
0 23 1
0 24 1
0 25 1
0 26 1
0 27 1
0 28 1
0 29 1
0 30 1
0 31 1
0 32 1
0 33 1
0 34 1
0 35 1
0 36 1
0 37 1
0 38 1
0 39 1
0 40 1
1 40 1
40 1 1
1 3 1
3 1 1
1 39 1
39 1 1
1 9 1
9 1 1
2 4 1
4 2 1
2 40 1
40 2 1
2 28 1
28 2 1
2 23 1
23 2 1
3 4 1
4 3 1
3 5 1
5 3 1
4 6 1
6 4 1
4 10 1
10 4 1
5 7 1
7 5 1
5 13 1
13 5 1
6 8 1
8 6 1
6 25 1
25 6 1
7 8 1
8 7 1
7 9 1
9 7 1
7 26 1
26 7 1
8 10 1
10 8 1
8 18 1
18 8 1
9 10 1
10 9 1
9 11 1
11 9 1
10 11 1
11 10 1
10 12 1
12 10 1
10 32 1
32 10 1
11 12 1
12 11 1
11 16 1
16 11 1
12 14 1
14 12 1
12 38 1
38 12 1
12 35 1
35 12 1
13 14 1
14 13 1
13 15 1
15 13 1
13 16 1
16 13 1
14 15 1
15 14 1
14 16 1
16 14 1
15 16 1
16 15 1
15 17 1
17 15 1
16 17 1
17 16 1
17 18 1
18 17 1
17 19 1
19 17 1
18 19 1
19 18 1
18 20 1
20 18 1
19 20 1
20 19 1
19 35 1
35 19 1
20 21 1
21 20 1
20 22 1
22 20 1
21 22 1
22 21 1
21 33 1
33 21 1
22 23 1
23 22 1
22 27 1
27 22 1
23 25 1
25 23 1
24 25 1
25 24 1
24 26 1
26 24 1
24 29 1
29 24 1
25 26 1
26 25 1
25 27 1
27 25 1
26 28 1
28 26 1
27 28 1
28 27 1
27 29 1
29 27 1
27 36 1
36 27 1
28 29 1
29 28 1
28 30 1
30 28 1
28 34 1
34 28 1
29 30 1
30 29 1
30 31 1
31 30 1
30 36 1
36 30 1
31 32 1
32 31 1
31 33 1
33 31 1
32 34 1
34 32 1
33 34 1
34 33 1
33 35 1
35 33 1
34 35 1
35 34 1
35 37 1
37 35 1
36 38 1
38 36 1
37 38 1
38 37 1
37 39 1
39 37 1
38 39 1
39 38 1
38 40 1
40 38 1
39 40 1
40 39 1
