51 250
@nodes
label
0
1
2
3
4
5
6
7
8
9
10
11
12
13
14
15
16
17
18
19
20
21
22
23
24
25
26
27
28
29
30
31
32
33
34
35
36
37
38
39
40
41
42
43
44
45
46
47
48
49
50
@edges
   cap1
0 1 1
0 2 1
0 3 1
0 4 1
0 5 1
0 6 1
0 7 1
0 8 1
0 9 1
0 10 1
0 11 1
0 12 1
0 13 1
0 14 1
0 15 1
0 16 1
0 17 1
0 18 1
0 19 1
0 20 1
0 21 1
0 22 1
0 23 1
0 24 1
0 25 1
0 26 1
0 27 1
0 28 1
0 29 1
0 30 1
0 31 1
0 32 1
0 33 1
0 34 1
0 35 1
0 36 1
0 37 1
0 38 1
0 39 1
0 40 1
0 41 1
0 42 1
0 43 1
0 44 1
0 45 1
0 46 1
0 47 1
0 48 1
0 49 1
0 50 1
1 2 1
2 1 1
1 50 1
50 1 1
1 49 1
49 1 1
1 16 1
16 1 1
1 45 1
45 1 1
2 3 1
3 2 1
2 4 1
4 2 1
2 13 1
13 2 1
2 20 1
20 2 1
3 13 1
13 3 1
3 46 1
46 3 1
3 11 1
11 3 1
4 5 1
5 4 1
4 19 1
19 4 1
5 7 1
7 5 1
5 20 1
20 5 1
6 8 1
8 6 1
6 29 1
29 6 1
7 8 1
8 7 1
7 24 1
24 7 1
7 38 1
38 7 1
7 31 1
31 7 1
8 10 1
10 8 1
8 37 1
37 8 1
8 27 1
27 8 1
9 17 1
17 9 1
9 25 1
25 9 1
10 11 1
11 10 1
10 12 1
12 10 1
11 12 1
12 11 1
11 13 1
13 11 1
12 13 1
13 12 1
12 45 1
45 12 1
12 47 1
47 12 1
12 36 1
36 12 1
12 50 1
50 12 1
13 15 1
15 13 1
13 19 1
19 13 1
14 15 1
15 14 1
14 16 1
16 14 1
14 18 1
18 14 1
14 30 1
30 14 1
15 16 1
16 15 1
15 17 1
17 15 1
15 22 1
22 15 1
16 17 1
17 16 1
16 29 1
29 16 1
16 33 1
33 16 1
17 18 1
18 17 1
17 19 1
19 17 1
18 20 1
20 18 1
18 21 1
21 18 1
19 21 1
21 19 1
20 21 1
21 20 1
21 23 1
23 21 1
21 43 1
43 21 1
22 24 1
24 22 1
23 24 1
24 23 1
23 25 1
25 23 1
24 32 1
32 24 1
24 35 1
35 24 1
25 26 1
26 25 1
25 31 1
31 25 1
25 47 1
47 25 1
25 41 1
41 25 1
26 27 1
27 26 1
26 28 1
28 26 1
27 29 1
29 27 1
28 29 1
29 28 1
28 30 1
30 28 1
29 31 1
31 29 1
29 43 1
43 29 1
30 32 1
32 30 1
31 49 1
49 31 1
32 33 1
33 32 1
32 34 1
34 32 1
33 44 1
44 33 1
34 35 1
35 34 1
34 50 1
50 34 1
35 47 1
47 35 1
36 37 1
37 36 1
36 48 1
48 36 1
37 38 1
38 37 1
37 39 1
39 37 1
38 40 1
40 38 1
39 40 1
40 39 1
39 42 1
42 39 1
40 41 1
41 40 1
40 42 1
42 40 1
41 42 1
42 41 1
42 43 1
43 42 1
42 44 1
44 42 1
43 44 1
44 43 1
44 45 1
45 44 1
44 46 1
46 44 1
46 48 1
48 46 1
46 49 1
49 46 1
47 49 1
49 47 1
48 49 1
49 48 1
48 50 1
50 48 1
