35 190
@nodes
label
0 
1 
2 
3 
4 
5 
6 
7 
8 
9 
10 
11 
12 
13 
14 
15 
16 
17 
18 
19 
20 
21 
22 
23 
24 
25 
26 
27 
28 
29 
30 
31 
32 
33 
34 
@edges
    iteration
0 1 0
0 2 1
0 3 2
0 4 3
0 5 4
0 6 5
0 7 6
0 8 7
0 9 8
0 10 9
0 11 10
0 12 11
0 13 12
0 14 13
0 15 14
0 16 15
0 17 16
0 18 17
0 19 18
0 20 19
0 21 20
0 22 21
0 23 22
0 24 23
0 25 24
0 26 25
0 27 26
0 28 27
0 29 28
0 30 29
0 31 30
0 32 31
0 33 32
0 34 33
1 2 34
1 3 35
1 4 36
1 5 37
1 6 38
1 7 39
1 8 40
1 9 41
1 11 42
1 12 43
1 13 44
1 14 45
1 18 46
1 20 47
1 22 48
1 32 49
2 1 50
2 3 51
2 4 52
2 8 53
2 14 54
2 18 55
2 20 56
2 22 57
2 31 58
3 1 59
3 2 60
3 4 61
3 8 62
3 9 63
3 10 64
3 14 65
3 28 66
3 29 67
3 33 68
4 1 69
4 2 70
4 3 71
4 8 72
4 13 73
4 14 74
5 1 75
5 7 76
5 11 77
6 1 78
6 7 79
6 11 80
6 17 81
7 1 82
7 5 83
7 6 84
7 17 85
8 1 86
8 2 87
8 3 88
8 4 89
9 1 90
9 3 91
9 31 92
9 33 93
9 34 94
10 3 95
10 34 96
11 1 97
11 5 98
11 6 99
12 1 100
13 1 101
13 4 102
14 1 103
14 2 104
14 3 105
14 4 106
14 34 107
15 33 108
15 34 109
16 33 110
16 34 111
17 6 112
17 7 113
18 1 114
18 2 115
19 33 116
19 34 117
20 1 118
20 2 119
20 34 120
21 33 121
21 34 122
22 1 123
22 2 124
23 33 125
23 34 126
24 26 127
24 28 128
24 30 129
24 33 130
24 34 131
25 26 132
25 28 133
25 32 134
26 24 135
26 25 136
26 32 137
27 30 138
27 34 139
28 3 140
28 24 141
28 25 142
28 34 143
29 3 144
29 32 145
29 34 146
30 24 147
30 27 148
30 33 149
30 34 150
31 2 151
31 9 152
31 33 153
31 34 154
32 1 155
32 25 156
32 26 157
32 29 158
32 33 159
32 34 160
33 3 161
33 9 162
33 15 163
33 16 164
33 19 165
33 21 166
33 23 167
33 24 168
33 30 169
33 31 170
33 32 171
33 34 172
34 9 173
34 10 174
34 14 175
34 15 176
34 16 177
34 19 178
34 20 179
34 21 180
34 23 181
34 24 182
34 27 183
34 28 184
34 29 185
34 30 186
34 31 187
34 32 188
34 33 189
