1094.73419   -3224.54678   1094.68373   -3221.03041
1086.92096   -3226.30561   1088.02305   -3224.82162
1088.24567   -3225.59244   1093.32023   -3225.75554
1089.03332   -3222.15777   1095.45183   -3221.86721
1092.31519   -3228.37358   1093.48932   -3226.77116
1096.29931   -3226.4993   1091.88375   -3227.3525
1095.68817   -3222.66731   1093.53591   -3220.00487
1088.07731   -3221.48281   1090.47775   -3227.50287
1093.30673   -3221.01408   1087.37131   -3220.98565
1092.09112   -3228.58207   1086.83891   -3222.2208
1088.84169   -3228.72248   1090.06027   -3220.34132
1095.19224   -3224.37251   1089.73202   -3229.66772
1087.28772   -3227.02582   1094.19813   -3226.99141
1096.25893   -3225.3837   1092.59813   -3226.71955
1091.16246   -3220.97127   1088.22466   -3221.46203
1087.8723   -3223.43053   1087.40645   -3228.03281
1087.02694   -3229.22162   1091.62743   -3221.27508
1093.82926   -3220.5967   1093.0998   -3220.88549
1092.57924   -3224.3404   1091.23255   -3229.66129
1087.13352   -3228.49415   1088.91159   -3225.4789
1090.43321   -3224.9451   1091.94012   -3226.67765
1087.43419   -3229.61291   1086.98801   -3221.31633
1094.10254   -3221.51115   1088.41872   -3222.05634
1094.34985   -3224.04153   1089.59581   -3227.30943
1086.98803   -3224.60156   1091.30352   -3223.77018
1093.36134   -3225.57828   1086.76931   -3224.11312
1093.97196   -3224.60644   1092.36741   -3220.23061
1093.37272   -3224.20543   1088.64076   -3227.99924
1090.84831   -3226.76658   1093.65225   -3227.98752
1090.27348   -3225.66549   1096.07423   -3222.41323
1091.88938   -3223.84634   1089.4602   -3228.81952
1090.71466   -3228.34088   1087.25724   -3221.59133
1093.00997   -3221.75004   1090.5128   -3226.42188
1095.84204   -3226.19261   1087.9657   -3223.15376
1089.1169   -3227.64653   1095.49672   -3225.0481
1094.96021   -3225.00054   1096.49551   -3224.54084
1087.65842   -3228.51555   1086.991   -3227.98539
1090.99277   -3220.45854   1094.19494   -3223.21577
1089.38401   -3229.5857   1091.29212   -3225.97504
1092.79854   -3220.8935   1087.52445   -3222.90549
1088.71635   -3229.58257   1094.7162   -3224.94603
1096.62298   -3220.15585   1087.37972   -3220.81079
1092.3387   -3221.6971   1088.1353   -3227.54841
1095.12484   -3228.94295   1091.28088   -3221.04559
1094.05645   -3222.13999   1093.59989   -3220.21372
1096.40817   -3220.8113   1095.06211   -3224.92733
1092.1587   -3223.60408   1086.69296   -3221.67093
1088.27051   -3226.17572   1088.97964   -3227.46
1092.28639   -3221.32375   1091.78882   -3223.88136
1094.0978   -3222.49568   1087.05718   -3220.032
1087.48348   -3226.04392   1093.03978   -3222.80375
1096.36814   -3229.77434   1094.65657   -3222.74728
1090.00135   -3221.61694   1095.20103   -3228.51416
1092.50906   -3226.06491   1089.97312   -3221.20946
1088.66337   -3221.91503   1095.06292   -3221.52206
1088.78336   -3221.31938   1095.5862   -3220.65081
1088.67949   -3221.07213   1087.55018   -3228.84878
1089.52641   -3222.68032   1092.59888   -3225.42812
1090.56603   -3221.58859   1092.73943   -3225.79884
1088.04991   -3221.01639   1087.38777   -3220.73881
1088.68061   -3228.29133   1093.56286   -3228.54852
1088.09269   -3225.3668   1089.6842   -3228.55471
1094.93808   -3225.46961   1091.94763   -3221.99603
1091.20084   -3224.33953   1090.52933   -3223.9605
1090.4395   -3222.12805   1087.86841   -3225.47668
1088.76209   -3229.03256   1096.08727   -3225.58049
1089.94199   -3229.16339   1090.04434   -3222.36987
1095.74084   -3221.2834   1094.33919   -3228.52303
1089.04654   -3229.128   1096.34615   -3220.23617
1087.28197   -3224.11782   1096.65886   -3229.62609
1095.06259   -3225.86606   1095.63728   -3224.049
1095.73398   -3228.18127   1094.04056   -3226.58202
1092.81665   -3222.49116   1087.68707   -3220.83301
1096.53205   -3224.54697   1094.01837   -3220.03077
1087.04186   -3226.83464   1093.88457   -3229.59564
1091.41347   -3228.23083   1090.6693   -3222.89044
1092.90598   -3221.04124   1087.85124   -3226.7302
1087.58949   -3225.4152   1096.2303   -3221.17806
1087.38305   -3225.24864   1094.97353   -3229.43648
1096.57027   -3226.92244   1094.84062   -3228.42135
1091.11653   -3222.86323   1092.95771   -3222.75405
1088.37371   -3227.72031   1091.66325   -3227.89187
1090.60728   -3221.76182   1093.14775   -3226.85327
1091.41244   -3223.40442   1090.07483   -3222.23846
1087.97086   -3228.05577   1092.81286   -3224.41734
1092.65353   -3226.06501   1088.75444   -3226.0597
1088.75154   -3225.91595   1091.20955   -3225.3147
1096.61694   -3224.75231   1096.36209   -3221.52673
1092.89504   -3228.81858   1087.18233   -3229.36628
1096.44177   -3228.59071   1091.78359   -3225.49263
1087.078   -3225.97241   1089.36976   -3227.15435
1087.22255   -3228.3562   1087.66498   -3220.26184
1093.57792   -3222.3182   1087.85152   -3227.20233
1087.15964   -3225.89472   1089.87497   -3220.81461
1096.33886   -3221.59405   1091.49404   -3228.78743
1088.83779   -3227.99759   1090.93151   -3227.64076
1088.79359   -3221.79216   1094.15759   -3227.34832
1091.8157   -3227.06506   1094.81992   -3222.46425
1091.64264   -3221.19289   1087.13406   -3227.09963
1091.00338   -3223.20269   1095.69827   -3220.88047
1088.47918   -3221.39886   1089.10853   -3224.68766
1088.81434   -3222.8314   1091.0248   -3224.85252
1095.89445   -3228.1498   1095.45594   -3229.17441
1092.34715   -3229.85296   1091.52634   -3226.56909
1087.95214   -3223.70007   1088.46792   -3223.59442
1088.78299   -3225.4414   1092.71979   -3220.19855
1089.66728   -3227.73536   1095.72055   -3229.1388
1088.26797   -3223.1455   1095.57859   -3227.29894
1096.04536   -3221.22029   1095.23542   -3224.12428
1086.90678   -3227.82729   1086.91385   -3222.26474
1094.03816   -3220.98718   1087.46703   -3222.8229
1087.79636   -3226.43159   1096.20422   -3223.4285
1092.67771   -3229.82681   1090.6681   -3220.4485
1090.69054   -3221.52251   1092.2777   -3225.79612
1089.4806   -3221.52966   1092.87859   -3222.59619
1094.11791   -3226.00536   1091.6098   -3221.77041
1094.61845   -3222.94822   1095.54313   -3227.1512
1088.76031   -3224.76866   1096.60427   -3222.60866
1087.85723   -3220.35995   1092.48845   -3223.81287
1091.09345   -3222.38367   1092.83151   -3221.22688