1093.80566   -3223.49135   1088.96279   -3221.31062
1091.34515   -3221.90754   1090.52708   -3220.93101
1092.84018   -3227.52123   1090.12077   -3222.61805
1094.81412   -3226.13373   1096.30513   -3221.582
1087.36948   -3223.91512   1093.05666   -3220.09648
1092.35741   -3220.90579   1092.20197   -3224.43442
1095.58769   -3222.35915   1096.65477   -3228.47719
1087.80452   -3222.32126   1090.07106   -3227.38965
1092.17969   -3224.80662   1093.91346   -3220.40941
1094.4856   -3221.93662   1091.6286   -3226.27693
1093.30967   -3220.8025   1092.54104   -3229.25114
1096.17919   -3221.76489   1092.61378   -3223.25972
1087.79324   -3228.76747   1089.6811   -3228.1834
1093.93751   -3228.81135   1089.09958   -3228.81219
1090.45366   -3227.47519   1091.06083   -3223.56976
1094.18967   -3225.42817   1090.92711   -3221.50858
1089.66881   -3227.31665   1091.5712   -3226.90317
1090.33093   -3220.15163   1095.03481   -3229.25597
1095.72282   -3226.24236   1086.75033   -3225.66935
1091.96276   -3226.86565   1094.32728   -3223.74013
1090.91845   -3229.47749   1088.34503   -3224.87388
1094.38828   -3224.81589   1089.52176   -3221.84554
1091.60178   -3226.91788   1092.01962   -3229.99928
1095.10848   -3225.28373   1095.99644   -3221.50359
1094.60813   -3229.96719   1094.81281   -3226.49011
1088.36475   -3220.10038   1095.46227   -3228.66917
1094.02843   -3225.38317   1094.07476   -3222.8667
1089.64602   -3223.78277   1095.84871   -3228.77557
1087.03136   -3220.6943   1087.31122   -3226.37018
1090.80288   -3229.82777   1095.83608   -3220.65753
1095.3976   -3227.64792   1087.25287   -3226.89544
1093.96038   -3229.4812   1089.6834   -3220.98688
1093.10038   -3228.98474   1094.93136   -3223.35656
1095.44501   -3222.55363   1092.22331   -3228.74006
1095.94179   -3221.15067   1090.13336   -3225.05576
1087.70826   -3224.92266   1090.01418   -3227.97799
1089.15092   -3220.53789   1093.50285   -3222.81436
1087.35736   -3225.6914   1095.95171   -3221.0607
1092.47629   -3221.1134   1088.72646   -3220.7264
1096.59071   -3229.80166   1091.5067   -3220.68413
1094.56979   -3229.49954   1093.04689   -3223.12786
1092.20203   -3227.86332   1087.55795   -3220.91271
1088.68368   -3223.20022   1090.51505   -3226.07216
1094.8171   -3228.15953   1096.07163   -3227.98085
1092.37776   -3224.32857   1094.90877   -3225.83155
1092.74956   -3229.71503   1090.45257   -3220.25683
1093.17147   -3229.87904   1089.58478   -3226.18153
1092.63489   -3222.38064   1087.22064   -3227.75099
1088.01076   -3221.79902   1088.17851   -3220.52746
1088.73781   -3220.09312   1096.61163   -3228.82181
1095.67766   -3223.73874   1089.49453   -3226.09922
1091.22363   -3228.64208   1090.22449   -3227.10325
1092.71765   -3228.14885   1092.91368   -3225.3733
1091.02585   -3227.64694   1095.65997   -3229.66737
1090.05695   -3227.56902   1095.59362   -3227.31843
1092.48444   -3226.48909   1094.91057   -3220.14697
1087.57105   -3224.65465   1096.05525   -3225.76095
1096.47324   -3228.3759   1089.43584   -3223.44311
1092.01242   -3227.33687   1090.10799   -3222.53986
1088.16108   -3225.7145   1088.49248   -3222.3465
1088.18683   -3223.36212   1096.35538   -3228.46344
1094.32285   -3222.54183   1088.61933   -3220.08671
1092.90546   -3221.10191   1095.85877   -3226.33393
1092.34396   -3220.29726   1091.52634   -3221.30833
1089.01182   -3228.04438   1092.84756   -3222.94788
1094.16721   -3223.24007   1095.21652   -3225.97033
1094.31626   -3223.22209   1086.83714   -3229.02575
1096.60694   -3220.44417   1090.82436   -3228.6913
1089.94116   -3224.60173   1091.24437   -3220.02693
1093.19464   -3220.70211   1086.88624   -3229.24115
1093.98611   -3225.08507   1092.13033   -3227.59618
1089.71146   -3229.11034   1086.88719   -3224.5248
1095.20065   -3221.54699   1095.88708   -3223.80638
1087.86711   -3228.07358   1095.17123   -3229.03691
1094.91984   -3222.18968   1088.19116   -3220.43727
1086.92119   -3224.85064   1095.18122   -3221.91
1087.17959   -3226.64061   1092.48939   -3227.39001
1087.64447   -3222.48971   1091.73135   -3225.70929
1096.5252   -3227.02448   1091.1431   -3226.70502
1089.02816   -3228.82269   1087.57206   -3229.61229
1093.39187   -3229.26114   1088.3061   -3223.50438
1096.12135   -3229.95485   1089.259   -3228.71441
1091.6585   -3222.69004   1094.60457   -3229.6617
1093.52233   -3222.59673   1095.41742   -3227.93952
1096.40912   -3222.83062   1088.63372   -3223.20791
1095.02061   -3227.20698   1088.89721   -3223.67239
1095.80338   -3228.84069   1090.9022   -3224.72425
1089.91069   -3221.31963   1096.48873   -3228.06549
1094.35665   -3227.44832   1092.20308   -3222.36059
1090.69062   -3226.0678   1095.14634   -3223.06476
1096.51717   -3225.04032   1093.76626   -3225.42119
1096.34775   -3221.29682   1092.37248   -3220.53929
1093.44885   -3220.57311   1086.87312   -3223.62886
1088.28881   -3227.12038   1086.73509   -3223.87019
1090.12016   -3229.14652   1088.90402   -3220.67079
1086.98343   -3229.98364   1091.11573   -3225.39486
1087.66542   -3226.81963   1093.13576   -3227.23735
1092.26306   -3225.62299   1091.4419   -3222.64524
1092.99298   -3227.00407   1095.38183   -3225.96877
1095.49782   -3229.34067   1095.86698   -3226.22674