1095.44716   -3224.71549   1093.28773   -3224.64836
1095.49115   -3223.67039   1092.30275   -3229.28172
1092.07349   -3227.15539   1088.50732   -3226.63179
1093.12651   -3225.02679   1096.38876   -3220.74659
1089.88891   -3226.00709   1090.64207   -3222.33449
1090.741   -3225.12775   1095.07288   -3225.29856
1094.96362   -3229.45569   1091.37634   -3220.44771
1088.90767   -3224.09734   1089.37363   -3226.05016
1095.7906   -3227.58875   1096.26426   -3225.57189
1089.38647   -3228.99658   1091.69553   -3221.43076
1092.41586   -3226.68675   1088.34904   -3225.6782
1089.23278   -3229.87061   1092.25094   -3228.18769
1089.59837   -3221.16977   1086.78332   -3227.90596
1094.37161   -3228.55743   1086.66796   -3220.21602
1090.61317   -3227.53272   1089.18255   -3228.33669
1089.54708   -3224.3182   1092.22427   -3225.90141
1088.60813   -3228.47824   1092.43984   -3223.15132
1089.03843   -3222.34231   1087.71225   -3222.96601
1095.81771   -3220.50518   1095.99287   -3227.51518
1087.86882   -3227.73196   1087.27993   -3226.37028