1091.8711   -3227.34162   1094.45858   -3225.97786
1089.3357   -3228.85678   1095.47951   -3222.09576
1093.33039   -3223.05708   1093.58466   -3223.52786
1086.72759   -3222.27886   1093.91008   -3225.99122
1089.93021   -3228.89895   1094.51964   -3227.86684
1087.61473   -3221.46283   1095.92802   -3222.45985
1094.77611   -3225.90101   1096.01925   -3228.52446
1088.92683   -3225.63657   1090.13912   -3221.0465
1090.468   -3229.2023   1092.1619   -3224.32119
1092.93534   -3228.88248   1094.27036   -3226.38036
1095.4271   -3221.94874   1089.43659   -3228.73255
1093.40653   -3228.14888   1090.83476   -3222.60121
1091.36725   -3222.88226   1090.58213   -3229.7672
1095.6856   -3224.14991   1092.29654   -3222.47499
1088.72711   -3224.67671   1094.73224   -3227.19796
1096.17237   -3226.54772   1089.05729   -3224.61861
1089.85027   -3228.83702   1087.46885   -3226.95144
1093.53048   -3221.91825   1095.34842   -3222.00504
1092.90676   -3222.469   1095.78047   -3221.39709
1094.87733   -3225.60255   1095.84354   -3225.72537
1089.47237   -3227.97482   1093.47874   -3222.3368
1090.5846   -3227.06901   1094.44403   -3221.7504
1092.90749   -3229.51221   1091.56427   -3220.25998
1093.55803   -3227.58091   1096.51959   -3222.09913
1093.80376   -3222.23701   1087.8378   -3222.57857
1093.05379   -3229.30395   1093.58398   -3225.92764
1095.87587   -3229.94985   1087.07991   -3225.40403
1088.15713   -3227.55106   1092.03397   -3228.08843
1092.84561   -3222.34715   1090.81319   -3226.75507
1092.13373   -3228.03772   1094.66612   -3227.82153