1090.03592   -3220.5054   1092.47518   -3220.05642
1088.01778   -3227.59475   1096.09305   -3228.81574
1087.68736   -3220.2631   1089.29659   -3224.85025
1091.0612   -3228.99301   1094.54212   -3223.50283
1088.64183   -3227.65007   1096.24642   -3223.89682
1087.72908   -3229.45067   1094.32613   -3222.09558
1096.37093   -3226.97674   1095.22915   -3227.933
1089.12952   -3224.57385   1090.78735   -3225.34281
1087.91694   -3228.73193   1089.29295   -3224.8817
1091.13812   -3223.03607   1094.98478   -3223.59203
1094.27879   -3224.57189   1095.74826   -3225.37478
1093.84611   -3221.50947   1095.83518   -3228.32965
1091.43089   -3224.18015   1093.0928   -3226.5446
1093.58923   -3228.42908   1093.77688   -3221.14661
1092.15257   -3227.30898   1087.30433   -3223.73445
1094.76063   -3225.40596   1088.22992   -3222.16283
1089.72928   -3222.47763   1091.58981   -3227.87229
1090.50662   -3227.44103   1094.96017   -3229.48339
1093.56244   -3223.19943   1096.37048   -3222.39527
1096.62988   -3228.86746   1092.06012   -3226.89315
1093.11424   -3225.44483   1088.40437   -3227.57683
1086.88861   -3222.34105   1093.56478   -3220.9456
1095.91609   -3226.00414   1095.46341   -3224.25288
1096.26492   -3228.73221   1096.46963   -3222.36796
1093.88412   -3223.6444   1090.42499   -3220.23494
1093.34596   -3226.73987   1092.24488   -3227.17768
1093.61308   -3224.10323   1096.41401   -3229.90054
1092.67851   -3222.1437   1095.91083   -3225.27601
1096.50767   -3228.68572   1089.02685   -3224.20266
1092.4906   -3222.59273   1090.53363   -3224.03632
1089.72185   -3228.76253   1091.82433   -3228.55849
1092.58649   -3226.92739   1095.43572   -3223.92681
1092.73358   -3225.4698   1089.37594   -3226.54995
1091.77394   -3222.30382   1089.22414   -3221.58516
1092.09505   -3225.67536   1094.0541   -3224.25544
1090.33252   -3222.93232   1091.42981   -3223.41368
1092.09117   -3224.78209   1092.64207   -3221.11184
1093.31396   -3223.97798   1092.27771   -3221.33462
1093.59254   -3223.93017   1093.87306   -3221.97628
1092.83201   -3224.68545   1095.31711   -3223.07327