1095.23098   -3224.61528   1087.64459   -3221.55204
1092.41151   -3224.81227   1094.35431   -3229.72065
1094.77056   -3221.01582   1088.26959   -3226.97971
1093.98939   -3223.79532   1088.51612   -3224.16689
1095.28423   -3221.79039   1088.47445   -3229.03035
1093.07419   -3225.48316   1094.60195   -3224.00866
1088.17206   -3227.99689   1093.89368   -3223.01031
1090.24726   -3227.34163   1090.01808   -3223.86408
1093.45931   -3228.72172   1086.7788   -3228.1504
1086.8445   -3227.07379   1089.9336   -3222.96838
1095.63749   -3226.10172   1087.3915   -3228.48583
1094.75966   -3221.43088   1088.25303   -3224.7972
1090.64119   -3225.82095   1093.11398   -3229.31596
1092.36585   -3226.55136   1093.10107   -3226.84793
1092.69308   -3229.43803   1093.91479   -3227.05493
1091.23406   -3228.14071   1092.06488   -3223.36916
1090.39593   -3225.83701   1089.1581   -3223.27623
1094.11977   -3225.73804   1086.8812   -3223.38844
1090.65332   -3221.38697   1091.88579   -3221.25505
1087.00126   -3229.98038   1096.16898   -3229.8702
1087.87255   -3226.45964   1088.59886   -3229.05049
1090.21216   -3226.53607   1088.2562   -3222.11582
1093.81193   -3221.50328   1089.31557   -3226.76339
1093.33731   -3222.56831   1091.35763   -3228.88703
1094.74259   -3229.56929   1086.78113   -3228.90574
1095.87096   -3227.33528   1092.95295   -3222.11382
1093.18717   -3223.8575   1094.2223   -3222.77032
1088.63011   -3224.46492   1088.83524   -3223.33725
1093.14935   -3223.31179   1091.8206   -3229.51478
1092.90303   -3229.94811   1092.07504   -3228.42473
1095.53985   -3220.90195   1088.68031   -3224.94714
1092.25835   -3228.40541   1091.96899   -3224.42141
1088.78977   -3224.56895   1089.46563   -3224.20199
1090.92048   -3227.99868   1087.72703   -3228.64497
1088.41609   -3224.03515   1091.57915   -3220.52652
1096.24231   -3223.81557   1096.50232   -3221.99513
1093.39456   -3220.74576   1086.90498   -3227.91306
1090.64461   -3223.73765   1090.52938   -3222.2318
1087.82264   -3220.70899   1093.06574   -3228.4696
1093.31275   -3224.42697   1096.5087   -3225.25974
1095.79502   -3221.48152   1091.03387   -3225.20357
1089.01191   -3227.84959   1095.89179   -3226.1616
1095.79875   -3220.12035   1094.11173   -3221.95062
1096.43395   -3228.44664   1091.56696   -3225.73162
1094.14361   -3222.07972   1089.58623   -3229.60521
1086.66716   -3221.60626   1092.26016   -3220.44775
1091.65517   -3220.26687   1093.26775   -3224.13415
1089.14454   -3223.39971   1093.41627   -3222.50052
1091.44885   -3220.20562   1089.52182   -3223.47074
1090.33839   -3227.39505   1091.53968   -3224.73156