1088.54244   -3229.40657   1096.57284   -3228.08063
1096.5019   -3222.14213   1088.45182   -3221.08847
1091.15254   -3226.78899   1091.38756   -3224.7455
1090.3152   -3224.29045   1091.86746   -3221.66436
1093.0102   -3227.13693   1089.90416   -3228.81137
1090.74493   -3226.17759   1092.24559   -3221.49677
1096.50165   -3224.08727   1087.79398   -3225.813
1088.68182   -3226.85612   1094.18424   -3222.05024
1096.43806   -3221.99224   1093.17763   -3228.34114
1095.14009   -3228.78775   1087.4125   -3222.4224
1090.12921   -3227.86798   1087.44813   -3222.51425
1094.4161   -3225.34496   1091.41932   -3224.0306
1093.46631   -3220.67646   1089.31443   -3226.1384
1095.91294   -3227.78671   1095.42399   -3228.87992
1096.24779   -3221.3245   1086.79188   -3220.72907
1089.07054   -3223.50988   1095.75448   -3228.10495
1093.0715   -3222.69664   1090.73419   -3220.36362
1086.71287   -3226.67964   1087.07765   -3225.22779
1088.06382   -3222.04488   1092.85719   -3223.53143
1092.5557   -3223.55041   1095.9561   -3224.38133
1090.62718   -3222.52993   1089.97467   -3220.90277
1089.76684   -3227.48975   1089.80456   -3220.05144
1086.70326   -3221.33015   1090.15639   -3225.09129
1090.85447   -3220.02121   1089.11838   -3220.20702
1094.831   -3228.26769   1091.39275   -3228.39123
1093.71863   -3221.33653   1094.44128   -3223.05981
1087.60527   -3221.28042   1087.29394   -3227.42238
1095.83242   -3229.20545   1095.49667   -3222.24649
1096.61329   -3220.45191   1089.41755   -3229.49954
1095.71921   -3229.86493   1094.9682   -3220.57566
1095.13573   -3224.61083   1087.72168   -3229.81022
1094.38035   -3221.25002   1095.87192   -3229.54205
1090.7326   -3221.47544   1092.1334   -3228.04358
1095.39598   -3222.16993   1095.64127   -3226.92616
1095.58979   -3229.05601   1086.80215   -3221.37015
1090.54881   -3223.32847   1093.18932   -3220.45256
1093.60619   -3221.02356   1094.9437   -3225.41089
1092.2966   -3226.82484   1092.23867   -3223.41178
1089.23251   -3226.06554   1091.60066   -3225.99902
1089.53811   -3225.55014   1092.74471   -3229.27277
1088.2492   -3220.60491   1092.79602   -3224.34124
1093.48141   -3222.55862   1095.41781   -3228.12744
1095.32765   -3227.6089   1091.36859   -3227.49839
1092.55549   -3227.08858   1094.84268   -3228.76822
1091.87495   -3222.44471   1096.04404   -3227.53498
1094.43395   -3222.33267   1090.31722   -3227.46399
1091.63715   -3227.60793   1087.72449   -3226.27659
1094.61724   -3223.34331   1092.60691   -3225.8923
1093.00241   -3220.15571   1091.00319   -3227.36119
1086.88416   -3225.40717   1088.54115   -3226.31194
1086.74723   -3225.50251   1091.95476   -3227.69685
1091.86375   -3222.0016   1094.66844   -3228.29636
1095.68255   -3229.79035   1096.51878   -3225.71794
1091.23687   -3227.15233   1094.58458   -3220.95663
1090.85748   -3223.47382   1094.58669   -3228.05235
1096.15662   -3225.46733   1091.35594   -3223.85725
1094.98224   -3226.62392   1093.50003   -3224.15865
1089.21311   -3226.37073   1091.57984   -3222.82341
1090.99037   -3226.49441   1093.51386   -3227.62004
1094.88187   -3224.79625   1090.33817   -3228.95916
1087.48039   -3222.83921   1088.36699   -3227.91264
1094.04108   -3228.08104   1087.17828   -3222.74304