1093.1559   -3228.05623   1095.54043   -3222.83095
1091.71705   -3220.57461   1096.40811   -3222.58709
1090.52574   -3223.44583   1092.96547   -3227.50727
1094.24433   -3224.22128   1090.03827   -3226.19611
1090.8374   -3220.53174   1093.60627   -3226.11351
1089.5899   -3226.42903   1093.7226   -3223.29529
1094.38857   -3221.68192   1092.78698   -3223.38969
1086.73419   -3222.18344   1091.36837   -3228.70548
1087.13981   -3221.61595   1092.45195   -3224.81924
1088.55022   -3220.89712   1086.87126   -3220.64965
1087.89401   -3224.30831   1092.08649   -3221.02462
1092.36523   -3224.02084   1087.4188   -3221.31248
1086.98154   -3222.66748   1088.5057   -3228.48148
1095.81219   -3228.09829   1090.10279   -3221.97299
1092.14085   -3220.49495   1089.10612   -3222.0637
1088.27554   -3229.23221   1088.5971   -3220.08396
1089.18443   -3227.81026   1088.21106   -3228.21215
1088.04427   -3223.85754   1096.64226   -3229.23015
1087.67219   -3229.50458   1087.3534   -3224.58164
1090.33059   -3225.54481   1091.55614   -3228.22761
1090.56012   -3228.61633   1090.00811   -3223.38192
1091.9385   -3221.78913   1090.35986   -3226.23486
1093.52225   -3225.30956   1087.47432   -3225.42028
1087.32798   -3226.1716   1096.33606   -3220.63057
1092.47012   -3226.93928   1094.05555   -3224.86447
1091.29   -3223.67988   1092.90657   -3223.73923
1089.79964   -3225.18477   1093.56307   -3226.02974
1096.64442   -3220.57649   1086.82758   -3222.0339
1096.20381   -3229.86998   1090.77547   -3224.00731
1087.57964   -3227.49415   1093.91081   -3225.09761
1096.51061   -3226.38648   1092.43536   -3228.80019
1093.05961   -3227.39752   1090.15527   -3229.38687
1091.85002   -3225.05776   1096.47388   -3223.40346
1090.55412   -3229.41615   1087.07467   -3228.83244
1092.60952   -3224.77719   1095.8514   -3220.44837
1096.06301   -3220.31613   1088.17836   -3226.54277
1094.09566   -3229.62638   1088.55246   -3222.46307
1096.30376   -3220.8201   1087.9558   -3225.0214
1087.95692   -3228.2287   1094.10784   -3229.292
1089.61177   -3224.44892   1089.4109   -3227.17513
1094.17348   -3229.07003   1095.97677   -3229.99664
1086.79784   -3229.32488   1094.31162   -3225.8887
1088.57793   -3226.7839   1087.44732   -3225.52728
1095.37482   -3226.84345   1096.26355   -3221.25574
1090.42366   -3229.41085   1087.8362   -3227.3389
1094.11392   -3221.07501   1094.09738   -3228.19957
1089.96531   -3225.04632   1092.47133   -3225.42472
1095.99372   -3228.65566   1088.71297   -3226.9018
1087.75322   -3221.5897   1092.44002   -3226.31305
1093.34949   -3222.85739   1096.49009   -3222.81456
1091.75048   -3221.71424   1090.32714   -3228.64317
1087.16437   -3228.45354   1087.11092   -3220.36512
1090.62123   -3224.28564   1090.79087   -3225.39627
1090.44314   -3224.02444   1096.10697   -3221.69014
1095.12026   -3225.37313   1094.17561   -3220.2043
1096.21458   -3225.93845   1093.10354   -3226.12444
1088.17926   -3227.85084   1086.78464   -3220.7698
1090.71469   -3227.45157   1087.86307   -3228.49789
1090.77799   -3221.38749   1095.24077   -3226.29657
1091.68719   -3223.97511   1092.38842   -3228.92012
1091.72354   -3226.92706   1093.64923   -3227.25195
1087.97966   -3220.15228   1093.45509   -3225.13829
1096.08089   -3225.8786   1089.98684   -3225.26489
1095.72322   -3224.61515   1087.78436   -3227.57669
1095.03439   -3221.27603   1089.91152   -3226.66153
1095.6137   -3227.40958   1087.83949   -3226.01471
1087.63669   -3227.79805   1088.89823   -3227.84528
1091.1808   -3225.55574   1095.54591   -3220.81101
1094.47427   -3220.72954   1087.10068   -3222.53431
1093.48934   -3226.0425   1092.08253   -3229.63768
1089.16157   -3221.35766   1090.86538   -3229.65036
1092.05703   -3220.74915   1092.37353   -3228.24939
1090.1619   -3227.99963   1096.11944   -3226.68205
1087.24438   -3220.54005   1095.5545   -3228.18712
1094.85186   -3228.53182   1092.55134   -3225.64295
1095.86757   -3228.17246   1087.61884   -3227.78945
1091.63487   -3224.55174   1088.55243   -3229.29858
1093.25646   -3220.2083   1095.38357   -3226.72757
1089.07228   -3227.57305   1094.39214   -3229.23596
1091.13287   -3229.39324   1088.6308   -3220.32844
1092.5003   -3225.29056   1096.40913   -3221.26576
1092.12615   -3225.64248   1090.72753   -3226.89164
1091.18235   -3221.22807   1087.1675   -3220.07375
1095.21034   -3228.05771   1095.85234   -3223.25946
1090.69251   -3220.90554   1088.52015   -3224.52125
1093.77353   -3228.14423   1089.41672   -3227.92627
1094.23693   -3225.01902   1092.57598   -3221.80747
1094.41703   -3227.49206   1090.36768   -3223.00272
1090.66335   -3225.78444   1092.08561   -3227.00062
1095.98885   -3225.93857   1095.80418   -3223.15727
1095.85476   -3222.2196   1089.57504   -3224.18513
1093.07765   -3224.25186   1092.85735   -3220.43872
1088.38493   -3220.08428   1093.81028   -3225.79053
1095.93149   -3222.80035   1087.60712   -3227.79589
1094.57233   -3229.76622   1088.12419   -3222.34563
1096.29318   -3223.40223   1090.01188   -3226.41235
1093.21509   -3222.5884   1092.05918   -3222.85288
1089.73698   -3224.89536   1092.78717   -3229.75966
1091.60446   -3229.22381   1095.75997   -3222.12531
1093.83715   -3228.22737   1089.77479   -3222.73508
1088.21149   -3228.77289   1089.58927   -3228.83916
1092.81712   -3222.40492   1092.60986   -3224.04504
1090.11584   -3226.01269   1087.90257   -3223.08859
1092.15113   -3222.03677   1092.90076   -3226.24319
1089.63442   -3227.13796   1096.08887   -3228.58794
1091.10897   -3228.1242   1087.85939   -3223.74187
1086.9292   -3220.45544   1096.43841   -3223.58026
1087.39928   -3228.14319   1089.66987   -3227.76617
1087.82474   -3220.72733   1088.45997   -3228.63003
1088.63895   -3227.74858   1087.36339   -3226.92016
1091.46789   -3226.96596   1094.80572   -3222.46437
1094.75053   -3226.38855   1091.36115   -3226.44491
1094.64177   -3229.7697   1089.25683   -3222.72549
1086.98595   -3221.9782   1090.92486   -3228.51397
1087.49935   -3225.49812   1090.73148   -3224.39078