1089.4318   -3225.93508   1087.64603   -3229.50157
1091.7262   -3222.54885   1090.29498   -3228.67101
1091.84762   -3222.59318   1091.57781   -3224.93775
1086.77502   -3223.17425   1090.10561   -3223.49206
1092.1119   -3222.0726   1095.56083   -3220.36745
1087.07188   -3228.71605   1090.32426   -3223.46937
1089.12359   -3226.86204   1087.62786   -3225.00034
1091.84664   -3227.12857   1090.16027   -3224.92309
1091.64288   -3221.55545   1092.96024   -3227.8288
1087.21955   -3222.95306   1091.82621   -3222.48587
1091.14357   -3227.79585   1093.68541   -3227.94471
1094.03156   -3225.29469   1093.07213   -3226.92051
1094.0565   -3222.13415   1088.06125   -3224.34592
1087.13673   -3220.95455   1095.40609   -3225.29301
1088.46714   -3223.89248   1092.91708   -3222.64064
1087.9869   -3224.62284   1088.61365   -3227.82723
1091.34693   -3228.22721   1093.74158   -3227.84794
1095.33933   -3222.82456   1091.64456   -3227.58899
1087.24478   -3223.61722   1096.35218   -3223.25714
1092.76535   -3223.83312   1091.58935   -3225.34157
1094.03763   -3222.6033   1092.19202   -3220.07601
1094.68512   -3226.09188   1094.03099   -3227.57597
1096.66418   -3222.77303   1095.09524   -3222.70711
1089.02747   -3223.22766   1088.83825   -3227.41319
1095.40142   -3220.77884   1089.27243   -3224.46905
1093.44913   -3221.16966   1087.3437   -3225.44355
1089.63479   -3220.7878   1090.62558   -3221.68837
1093.47235   -3223.31815   1091.06454   -3229.3691
1088.51898   -3227.18766   1092.52325   -3223.28159
1088.7675   -3220.20563   1096.29926   -3229.91067
1094.3862   -3225.52161   1094.01501   -3223.74307
1093.30079   -3228.17203   1093.57249   -3220.30639
1091.94279   -3225.6104   1086.9267   -3222.01988
1093.05904   -3225.4063   1094.48253   -3220.2757