1094.1183   -3220.46725   1089.86638   -3227.33719
1096.56537   -3220.38349   1092.43543   -3229.70739
1092.80875   -3226.56232   1087.77635   -3229.44791
1091.98308   -3228.12548   1090.95733   -3225.78346
1090.47614   -3224.64584   1093.05651   -3220.27007
1090.40884   -3221.61484   1089.39783   -3228.7055
1094.79685   -3226.21369   1094.75775   -3223.65289
1088.44324   -3220.92906   1093.6465   -3220.17884
1092.29582   -3220.9317   1092.11422   -3228.05588
1089.98278   -3220.62835   1091.98379   -3226.98067
1088.31336   -3226.0667   1091.41165   -3220.18133
1093.31001   -3222.61192   1088.96018   -3223.04156
1087.0151   -3220.41571   1090.63175   -3226.24123
1094.06989   -3228.45385   1094.46576   -3223.41653
1091.76419   -3221.24023   1091.23153   -3221.66469
1090.98913   -3225.86811   1095.46981   -3224.33125
1090.60339   -3224.82411   1091.15923   -3227.06302
1093.16549   -3229.71525   1093.9326   -3228.15303
1090.70965   -3220.40351   1089.65367   -3227.22031
1087.09571   -3222.74906   1091.62521   -3229.22894
1092.00147   -3220.12737   1095.68445   -3229.08762
1093.22495   -3229.80141   1086.91734   -3221.31013
1090.17806   -3222.08393   1087.76893   -3226.79783
1091.50312   -3222.16362   1094.74833   -3228.50843
1090.81681   -3225.70288   1095.61312   -3229.48374
1088.9883   -3222.15688   1094.25164   -3227.19963
1096.10432   -3228.84045   1096.47809   -3228.41274
1088.31803   -3224.34528   1086.79405   -3226.76839
1091.45954   -3227.44096   1094.04886   -3221.38786
1094.88781   -3225.58318   1087.99523   -3220.75878
1088.58089   -3222.91613   1095.95792   -3223.00647
1091.91102   -3226.22594   1095.47822   -3221.5437
1092.79142   -3226.41932   1087.1155   -3222.40084
1094.2716   -3228.37139   1095.11284   -3222.35535
1091.99504   -3222.96669   1086.69438   -3223.25179
1087.322   -3229.66315   1087.16342   -3223.69417
1093.76906   -3223.76987   1094.09604   -3226.22227
1096.56251   -3225.69697   1093.39349   -3226.44604
1088.38622   -3227.55405   1088.66577   -3220.91454
1096.54425   -3221.02155   1088.98516   -3229.81267
1087.93578   -3224.31495   1095.71727   -3222.75219
1096.43638   -3223.5241   1087.39978   -3229.24319
1088.18183   -3221.79558   1096.2645   -3224.3241
1090.07975   -3226.58241   1088.53025   -3223.77815
1087.98085   -3228.11594   1092.66916   -3226.60917
1089.47321   -3225.96646   1096.51131   -3227.75286
1086.87179   -3223.42219   1089.54107   -3220.90526
1092.93314   -3229.26265   1089.43085   -3221.87118
1092.68282   -3225.37959   1096.21708   -3225.82497
1090.18778   -3227.3858   1095.52871   -3228.57418
1089.11447   -3223.33915   1090.34458   -3225.97501
1095.75874   -3224.05517   1087.53113   -3228.75578
1088.26499   -3222.38677   1090.95473   -3229.86984
1092.99842   -3226.29868   1091.17091   -3227.64538
1092.91797   -3225.45414   1094.90735   -3224.34142
1095.88676   -3225.90707   1094.45283   -3222.78539
1089.6763   -3226.67871   1093.76893   -3224.29072
1092.02021   -3227.9474   1096.49916   -3229.19259
1087.05587   -3229.04684   1087.0371   -3225.47697
1094.41718   -3221.90657   1090.22059   -3227.22781
1092.73667   -3229.01696   1093.16354   -3227.59486
1087.33394   -3225.52335   1090.22127   -3221.55429
1090.63221   -3225.73472   1094.0458   -3222.4035
1094.07602   -3228.49892   1089.83915   -3221.07838
1088.97549   -3220.07276   1095.42336   -3224.99755
1093.18113   -3224.76587   1096.44431   -3225.90889
1086.75495   -3227.61585   1094.30153   -3227.95286
1089.10512   -3226.79926   1088.99926   -3226.26625
1086.88135   -3229.71706   1088.71268   -3223.17898
1090.43396   -3223.73036   1092.33827   -3224.97479
1095.98118   -3227.51807   1088.05401   -3229.92673
1090.93302   -3224.47583   1089.4771   -3226.90388
1088.61819   -3222.21356   1095.15196   -3223.26874
1091.85719   -3226.20661   1096.27687   -3224.67456
1092.47501   -3223.77018   1089.81951   -3223.04951
1088.46026   -3221.22771   1091.45042   -3226.83103
1089.00678   -3226.10996   1095.50129   -3222.22238
1093.59451   -3229.5994   1096.03909   -3221.27934
1088.69266   -3222.86197   1089.30702   -3222.50749
1086.89224   -3226.47193   1094.00903   -3221.2403
1094.06746   -3223.07651   1091.57579   -3229.2976
1096.16687   -3226.40006   1091.60886   -3223.22238
1089.00726   -3229.12659   1087.23527   -3228.73183
1096.56016   -3221.73375   1093.55694   -3222.2703
1096.273   -3220.81776   1094.6835   -3222.23629
1094.44176   -3223.79701   1092.59653   -3229.03086
1087.54398   -3220.09667   1091.62906   -3226.18793
1094.01337   -3229.08134   1094.34326   -3227.33266
1093.2731   -3225.27182   1093.2704   -3220.49891
1092.43028   -3222.05829   1093.98023   -3221.88612
1092.43947   -3224.25455   1089.9275   -3223.81865
1092.9832   -3221.56737   1089.82181   -3227.9285
1095.39894   -3224.84186   1092.66474   -3224.07243
1091.09634   -3221.32999   1096.40224   -3221.90895
1093.92846   -3220.46076   1088.95397   -3229.09962
1095.37092   -3229.40349   1087.98307   -3220.25848
1087.97354   -3227.3021   1089.42097   -3229.15137
1092.94196   -3226.70554   1088.03728   -3220.72698
1090.0127   -3227.88508   1091.0552   -3223.46204
1094.95106   -3224.51045   1093.32987   -3220.34213
1087.52992   -3227.90779   1091.46455   -3223.32449
1094.40487   -3223.92491   1087.97235   -3225.17292
1090.62293   -3224.7498   1096.33063   -3220.94663
1096.30849   -3220.80309   1094.7812   -3226.45133
1091.03203   -3228.23837   1090.99216   -3222.68875